TEST
accuracies = [0.6206896551724138, 0.6398467432950191, 0.6398467432950191, 
	0.6398467432950191, 0.6283524904214559, 0.6206896551724138, 
	0.5977011494252874, 0.6015325670498084, 0.6053639846743295, 
	0.6398467432950191, 0.632183908045977, 0.5977011494252874, 
	0.6053639846743295, 0.6015325670498084, 0.5977011494252874, 
	0.5900383141762452, 0.5670498084291188, 0.5555555555555556, 
	0.5440613026819924, 0.5440613026819924, 0.5440613026819924, 
	0.5478927203065134, 0.5440613026819924, 0.5517241379310345, 
	0.5440613026819924, 0.5440613026819924, 0.5402298850574713, 
	0.5402298850574713, 0.5402298850574713, 0.5172413793103449, 
	0.5134099616858238]
precisions = [0.0, 0.5555555555555556, 0.5555555555555556, 0.6666666666666666, 
	0.5357142857142857, 0.5, 0.40625, 0.42857142857142855, 
	0.4642857142857143, 0.5352112676056338, 0.5428571428571428, 
	0.5060240963855421, 0.5308641975308642, 0.5512820512820513, 
	0.5443037974683544, 0.5375, 0.524390243902439, 0.5058823529411764, 
	0.48863636363636365, 0.48863636363636365, 0.48863636363636365, 0.5, 
	0.4943820224719101, 0.5054945054945055, 0.5, 0.5, 0.4946236559139785, 
	0.4946236559139785, 0.4946236559139785, 0.47, 0.47]

TRAIN
accuracies = [0.6200657894736842, 0.6463815789473685, 0.6463815789473685, 
	0.6578947368421053, 0.6694078947368421, 0.6907894736842105, 
	0.7006578947368421, 0.725328947368421, 0.7598684210526315, 
	0.7779605263157895, 0.7976973684210527, 0.8075657894736842, 
	0.8026315789473685, 0.7976973684210527, 0.7861842105263158, 
	0.7845394736842105, 0.7779605263157895, 0.7779605263157895, 
	0.7796052631578947, 0.774671052631579, 0.7713815789473685, 
	0.7730263157894737, 0.7713815789473685, 0.7730263157894737, 
	0.7582236842105263, 0.7582236842105263, 0.7615131578947368, 
	0.7615131578947368, 0.7615131578947368, 0.7532894736842105, 
	0.7467105263157895]
precisions = [0.0, 0.5851063829787234, 0.5851063829787234, 0.7446808510638298, 
	0.7142857142857143, 0.7216494845360825, 0.7752808988764045, 
	0.8555555555555555, 0.8235294117647058, 0.8531468531468531, 
	0.920863309352518, 0.906832298136646, 0.9419354838709677, 
	0.9863945578231292, 0.9863013698630136, 1.0, 0.9870967741935484, 
	0.98125, 0.9875, 1.0, 1.0, 0.9937888198757764, 1.0, 1.0, 1.0, 1.0, 
	1.0, 1.0, 1.0, 0.9883720930232558, 1.0]