-0.068128931
-0.64934664
-0.51907916
-0.18744101
-0.89099414
-1.1456678
-0.85153708
-0.29265435
-0.64716466
-0.84141944
-1.0352937
0.017628514
-1.2024956
-0.90882216
-0.52543971
-0.4158758
-1.0928209
0.2514197
-0.79769954
-1.0402473
-0.70349943
-0.65826
-0.80999465
-1.0446832
-0.39338275
-0.13433382
-0.66981509
-1.1889235
-0.83692301
-0.79566708
-0.44673173
-1.0630302
-0.38134197
-0.87309813
-0.65819231
-1.0615875
-0.29341395
-0.62295557
-0.75404849
-0.58750024
-0.2532996
-0.88727728
-1.0026009
-1.2631286
-0.71224303
-1.0924805
-0.82902872
-0.84818167
-0.28075137
0.24376226
-1.1863494
-0.53792775
-0.93329067
-0.46466234
0.066209783
-0.82798836
-0.97119025
-0.54021863
-0.96479562
-0.24110859
-0.84168947
-0.77384229
-1.195922
0.086856502
-0.59909998
-0.88690568
-0.70279513
-0.94307479
-0.99664203
-0.92781359
-1.0300558
-1.0123013
-0.97676698
-0.64708334
-1.1102936
-0.93290419
-0.87087512
-1.0046176
-0.19377892
-1.1995881
-0.66182324
-0.67468961
-1.0137746
-0.841988
-0.72244953
-0.83222928
-0.41374484
-0.69183349
-1.18627
-0.26040866
0.16401161
-0.57987191
-0.63642203
-0.76036505
-0.39098851
-0.25732983
-1.0425812
-0.92711004
-0.54497858
-0.52940574
-0.76940935
-0.89015203
-0.30188608
-0.12319188
-1.1506022
-0.80331531
-0.6033975
-0.16341253
-1.0896248
-0.62803423
-1.0876276
-0.33045226
-0.81887171
-0.30512265
-0.88138812
-0.0055205207
-0.87130644
-0.91585806
-0.72686492
-1.0560854
-0.72479381
-0.28365796
-0.29592859
0.1257731
-0.89203616
-0.82975788
-0.51491743
-1.0828315
-0.29459826
-0.46350637
-0.4102177
-0.99993646
-0.50359262
0.014546812
1.7743011
-0.19313422
-1.0853527
-0.91051062
-0.26778583
-1.1401655
-0.49916865
-0.89888954
0.070573272
-0.40417681
-0.53856883
-1.1581133
-1.3488121
-0.39457014
-0.69111006
-0.35776148
-0.12369862
-1.1636149
-0.80915715
-0.50015527
-0.28898615
-0.67274323
-0.31281579
-1.03365
-1.0772961
-0.44108974
-0.61326636
-0.67706691
-1.0452515
-0.09281331
-0.87448284
-0.94229719
0.03486896
-1.0118429
-1.0761226
-0.39027635
-1.1505948
-0.80234984
-0.94697831
-1.0058423
-0.85629262
-0.62119042
-1.165613
-0.91344515
-1.313324
-1.0480129
-0.82436394
-0.98283492
-0.88140926
-0.34930562
-0.92864076
-1.1819064
-0.54094662
-0.95226898
-0.99904293
-0.89283753
-0.74823118
-0.97937006
-1.0977893
-0.89901755
-0.6162216
-0.74517211
-0.806004
-1.1201822
-0.43596858
-1.1828316
-1.0023479
-0.80463267
-1.1361187
-0.982764
-1.006093
0.18336829
-1.1450158
-1.0195059
-0.95723985
-1.2285824
0.57306255
-0.19493306
-0.88845705
-0.88867082
-1.0671881
-0.30017952
-1.0064647
-1.309467
-1.0039156
0.98170846
-0.20004606
0.036844104
-0.85582214
-0.67100417
-0.93770963
-1.1896263
-0.85527277
-0.56733007
-0.97365401
-0.45125484
-1.1115698
-1.0801711
-0.8724474
-0.88076034
-0.77980068
-1.1469661
-0.94215016
-0.34657166
-1.2990405
-0.45342163
-1.3736373
-1.080358
-0.62621833
-0.6432163
-1.0749499
-1.2031523
-0.54584864
-0.50085016
-0.074308351
-0.27431072
-1.1806808
-0.85487748
-0.44014679
-0.11861032
0.085827073
-0.93858494
-0.44420879
-0.73716552
-1.0352302
-1.0718681
